firstPost: 2006-03-02T00:29:17.000000+1000
lastPost: 2025-05-23T14:17:25.821396+0000
numPages: 65
numPosts: 1442
